View 1
[[-9.07606737e-01  4.97978857e-01  7.26664884e+02]
 [ 2.29983072e-01  3.78315377e-01 -2.16714875e+02]
 [ 1.00713889e-04 -1.52599192e-04  1.00000000e+00]]

View 2
[[ 9.12203137e-01 -5.10591579e-01 -1.77249506e+02]
 [ 2.15110148e-01  4.64763546e-01 -2.07262160e+02]
 [-1.88313358e-05  1.60502959e-04  1.00000000e+00]]

View 3
[[ 1.01142825e+00  7.01598351e-01 -8.43862172e+02]
 [-1.09922371e-01  8.06097459e-01  9.17112321e+01]
 [ 9.63089587e-05  7.11235765e-04  1.00000000e+00]]

View 4
[[ 9.12811829e-01 -7.98710924e-02 -6.00962086e+02]
 [ 5.46956008e-02  7.24716749e-01 -1.06041844e+02]
 [-2.62372874e-05  5.90289880e-04  1.00000000e+00]]

